1.29146 5.78052 1.67328 2.06854 5.81888 -2.13576 
1.53952 1.45523 2.33392 1.82332 0.98347 -1.75123 
4.96805 -2.41268 -0.786837 0.61064 -3.95373 -1.30412 
0.880075 -1.12516 -1.45673 2.88884 -1.39798 2.26798 
1.94286 -3.88531 -1.00013 1.20717 -3.14828 1.41423 
0.387341 4.8427 2.1298 3.27671 3.13123 -0.563956 
0.947765 2.91611 2.91423 2.39385 2.36289 0.0990327 
1.48973 5.88066 3.01413 0.472386 8.32865 -0.471026 
1.26646 4.37857 1.45527 3.18331 4.22038 -3.08574 
1.21055 1.75167 1.59369 2.6219 3.29136 1.27303 
2.0094 -3.35658 2.15472 1.4582 -4.57371 0.794867 
0.326572 5.4375 2.95288 7.14093 6.26343 -1.15195 
2.00069 -6.76572 -1.78443 1.05751 -7.65918 0.764629 
0.556376 3.76911 0.464282 2.46039 2.1159 -1.99975 
2.70215 -2.70731 1.57382 1.15638 -1.61305 3.00209 
1.2434 3.91671 -1.50787 1.3879 5.17022 2.1594 
3.56934 -1.66046 1.29392 0.514689 -0.490963 -1.18406 
1.27026 -4.40606 -1.63182 1.09115 -6.08414 2.35768 
0.927436 0.422114 1.96456 2.16296 -0.484353 -1.52905 
0.127049 -7.40947 0.0826467 3.52068 -4.40308 2.22141 
0.710506 -2.26975 -0.56879 2.03227 -0.318768 -1.85214 
2.1463 -5.7512 -1.40149 0.376337 -3.28064 -0.353628 
2.78462 2.27203 0.272672 1.27633 1.84185 -1.54735 
1.30918 5.79973 1.01078 1.85594 5.75242 -2.40243 
1.86127 3.77012 1.71074 2.02371 5.11629 1.04723 
0.136314 5.4159 1.74777 7.04034 3.16894 0.00617497 
2.68952 4.3594 0.414246 0.967012 4.89373 -1.91615 
3.05513 0.19438 1.39886 0.769355 1.49176 3.03323 
0.930426 3.80334 -0.740673 1.92039 2.45341 -2.96988 
4.76006 1.62351 -2.47274 1.16303 2.28753 2.61556 
1.78438 4.08412 0.885166 0.677887 2.3396 -2.61304 
2.81362 3.46423 3.14137 0.486367 1.45267 2.06596 
2.35473 -0.394692 -1.26856 0.779893 0.649147 1.89765 
0.708513 3.4183 -0.445824 2.6243 1.9684 1.44892 
2.87055 4.35145 2.62201 0.64998 5.78392 -1.73887 
4.60396 -0.815326 2.67699 1.57717 0.0432915 1.93357 
1.21519 -0.484332 -1.81573 3.02291 0.455999 3.0752 
0.886542 -0.856419 0.0328684 4.1858 -1.24644 1.80734 
7.52144 -0.655396 -2.52085 0.300323 -0.337716 0.694661 
1.16442 -6.71926 2.90817 1.99149 -7.06716 -0.134483 
3.70496 0.42151 -1.71543 2.30668 -0.49171 -1.23853 
1.41986 4.86176 -2.11887 2.21941 4.51461 2.12249 
1.38411 0.84284 -2.055 3.87385 1.14337 -0.642011 
4.02622 -0.125816 -1.96047 2.60306 0.766607 -2.20632 
0.666037 -3.65205 1.75722 3.27178 -2.02385 0.658897 
0.975941 -1.1537 1.27183 1.81942 0.00197003 -2.2103 
1.48781 0.74849 -0.929137 1.48785 1.87147 -2.9713 
0.954528 3.26074 -2.58523 2.18465 4.12205 0.0721277 
1.86021 1.26661 -2.85162 1.73985 1.36747 -0.791883 
0.426005 4.3512 1.53935 1.24924 7.07482 -2.1168 
0.91938 -1.57668 1.21012 2.94116 -1.71832 -1.21064 
0.899525 3.32175 1.14809 0.408434 6.58687 -0.146507 
1.84147 -4.77584 -2.59852 1.65046 -4.16883 -0.638532 
2.34862 -3.22225 -2.85808 1.60612 -2.28437 -1.49947 
1.04008 -0.529749 1.95509 2.44213 -0.81686 -1.76922 
3.83686 -2.61485 2.82453 2.14802 -2.45884 -2.33617 
3.41902 5.60828 -2.7978 0.93902 5.70003 1.41428 
2.10338 3.94093 2.55614 1.31388 4.01565 0.175818 
1.24625 4.03845 -0.53587 2.02389 4.9874 -2.52037 
1.69761 -5.15364 -0.0947321 0.972953 -6.52574 -2.57443 
1.40359 3.86632 0.34662 0.972702 2.0955 -1.68796 
1.29012 3.58903 -2.0103 2.48178 3.7629 0.0546965 
2.18982 1.47246 1.48885 2.32249 1.01344 0.0878383 
1.18497 -2.96289 -0.515875 1.21728 -4.44266 2.47289 
2.89778 -5.1055 -1.38424 1.21109 -5.48033 0.479311 
1.11196 -0.610461 0.624606 2.57944 0.0972546 -1.36028 
4.77146 -0.165762 1.71439 2.04551 0.215809 0.768521 
3.07583 0.159547 -1.77337 0.462882 1.78419 0.593039 
1.3562 7.02693 -1.34194 1.59602 6.00865 0.922298 
2.23158 -0.759929 1.79425 1.31727 -0.609227 -2.26004 
0.787327 2.86146 -2.7399 2.64671 3.68575 0.815485 
1.4274 -3.46379 0.825766 2.74069 -3.29185 -0.951437 
3.11391 3.04848 1.34635 0.409533 0.871833 1.62555 
1.49371 6.30452 -2.22588 1.37496 5.0213 -0.270248 
1.25822 1.19861 1.41792 2.48896 2.50362 2.50633 
2.12318 2.48754 -0.226559 1.53631 0.966975 -0.575286 
3.51313 5.29934 -1.95472 0.770949 5.87181 2.12402 
1.20032 0.499042 -2.0119 2.04377 0.613066 1.48261 
1.30748 1.88863 2.11743 1.69891 3.44198 -2.93242 
1.05292 -2.94316 2.75221 0.75277 -5.30538 -1.28213 
0.803882 -3.64719 2.8357 1.89188 -2.15903 0.321208 
1.77915 -3.50752 -2.08633 0.631907 -1.1899 -2.11555 
3.0143 1.59883 1.20796 1.54069 2.41741 -0.0303346 
1.57472 -0.679687 1.23253 0.785341 1.04308 -1.66287 
0.656952 0.0699581 -2.7684 2.76252 1.32013 1.13887 
1.51664 5.19743 -2.53227 1.55037 4.95441 0.603074 
1.38558 -6.56969 2.51821 1.6143 -4.83769 1.85541 
1.4729 0.967557 -1.04255 1.76002 1.91134 -2.98078 
3.3293 0.743762 2.8423 0.475279 2.8002 2.54609 
1.76053 3.08839 0.299616 0.34934 0.531861 2.90995 
1.98591 6.0145 0.459475 1.16346 5.45868 -2.23958 
2.49539 2.53782 -2.00111 1.5549 2.04096 2.60839 
3.96665 0.62292 -1.00315 0.852451 1.45532 -2.6172 
3.61397 -3.50496 -0.885207 0.652884 -3.69053 2.21288 
1.48708 3.31656 -0.770262 2.11384 2.74414 -2.69862 
0.39445 2.61594 1.61354 2.2257 0.0858044 1.12092 
1.27094 0.133177 -1.90674 2.17901 0.0361282 2.00432 
2.11494 5.06012 1.89862 0.703671 6.5659 -0.67408 
3.70243 -0.127933 -2.008 2.18725 -0.518894 -3.06878 
0.713702 -5.08629 1.44318 0.570079 -1.97321 -0.240049 
0.836533 -1.21681 -0.472989 2.19075 -3.12545 0.0096269 
1.55231 -1.70963 0.0855251 1.13187 -0.153625 -1.72185 
0.790558 6.92467 2.89594 1.01018 4.31044 2.57666 
0.628756 -0.102898 -2.86899 2.01948 1.65707 1.01457 
3.10435 -2.74455 -2.22864 1.57502 -3.65258 2.96752 
2.61776 -3.20718 -2.73578 1.25756 -1.74765 -2.14322 
0.241932 -4.23305 -0.592431 3.94265 -6.16484 3.13414 
3.06886 3.77255 0.399916 0.280178 6.07523 2.4958 
0.987973 -3.62085 2.39508 2.41042 -3.36082 -0.994758 
1.96965 3.64455 2.53247 1.44851 4.17802 -1.62471 
3.67612 -0.309032 -0.912548 0.927401 -0.521105 -2.86713 
2.64968 1.52014 2.54844 0.948999 1.93203 -1.21761 
2.0338 -3.89958 -0.459371 1.39567 -3.71311 -2.75564 
1.35328 -4.1911 -1.22374 0.61163 -6.72062 -2.18443 
2.96491 1.88604 0.908618 2.1714 1.03841 1.78364 
0.525087 5.12388 0.780683 0.805473 1.93864 0.760568 
1.43638 2.95299 0.705148 2.2714 2.79906 2.74431 
3.52998 0.250267 -2.96001 0.771335 -1.4102 -2.73187 
2.00618 2.34079 1.85303 0.731608 3.80376 -1.06951 
1.15583 0.721086 -1.13423 0.924541 -1.49313 0.270034 
3.86477 0.64419 -0.14551 0.785451 2.2385 -0.0206655 
0.869837 -4.69173 1.08023 2.39183 -3.87972 -2.39078 
0.299958 -3.57157 0.805202 2.04637 -0.796805 2.09548 
1.83124 5.33493 -2.82224 4.67099 4.39832 -2.40355 
3.37755 3.87245 0.720045 0.573611 2.87048 -1.92176 
1.79237 -2.09891 1.70165 1.54925 -3.38426 3.04018 
1.97385 -5.70651 0.884117 2.32569 -4.37909 0.685362 
1.25012 -8.53182 2.40716 0.504173 -5.87625 0.710152 
0.390417 -7.83315 2.95234 3.21943 -5.70939 1.84108 
0.526978 3.04822 0.0919981 7.29084 2.3135 -1.43179 
1.42469 7.64381 1.35028 1.48226 6.34854 -3.06522 
1.83806 3.47781 2.56546 1.18139 2.01792 -2.2303 
1.14476 -2.10824 -1.5563 2.46202 -3.07763 0.193739 
0.620254 -4.09133 -1.88892 3.0716 -3.04529 1.6899 
3.77048 2.52862 0.460194 0.780366 1.74744 2.32035 
1.55373 -5.04469 0.258155 1.36344 -5.88579 2.89817 
2.06698 0.654272 2.75944 1.31757 -0.958962 -2.98161 
3.44494 -0.217162 -2.10275 1.14134 0.0436377 -0.353171 
0.946548 1.83491 -1.78 1.98581 3.0105 0.640646 
1.38548 2.69892 -2.87163 3.42684 1.89012 2.1877 
1.85671 -0.191984 -0.903581 2.21569 -0.00743489 0.810818 
1.08119 -2.81575 -2.48162 1.96572 -4.26517 -0.928049 
0.921508 -5.05541 -1.90119 1.25212 -3.14345 0.396232 
1.94722 -5.84853 1.85979 0.834054 -4.1476 -2.78185 
3.68068 1.89143 1.54491 1.21567 1.82357 -3.10489 
0.904708 5.39229 0.166298 0.963284 2.98307 1.55039 
0.464512 -1.25922 0.161953 1.83654 0.94683 -2.84722 
1.50196 -5.72597 2.7613 1.53614 -5.33206 -0.237688 
3.42591 -3.98893 -2.79553 1.24235 -3.88204 -1.1106 
1.50904 2.85521 1.02617 1.08024 1.58679 -2.14114 
1.24787 1.53559 0.265048 1.80992 3.30091 -0.164252 
0.945899 0.379792 2.02057 1.24122 -1.60465 0.0899086 
1.28548 4.02544 0.659414 1.66608 4.7921 -2.07204 
0.48133 5.76934 2.26679 1.38398 3.00171 1.72661 
3.57624 -0.127725 2.88202 0.514548 -1.19274 0.00744875 
2.29295 -2.94738 -2.04086 0.445312 -5.13145 2.49501 
4.08603 4.26647 0.975458 0.187792 6.60608 -1.9641 
1.49165 -1.39625 2.56497 1.43288 -2.06749 -0.521159 
1.33097 2.18579 -2.93431 2.30228 3.4017 -1.65198 
1.34041 4.49304 -2.68537 1.48532 5.50682 -0.128095 
1.58245 1.16592 -1.10166 1.44857 0.712504 1.8259 
1.13816 2.14442 -1.87664 2.3017 2.4037 1.93131 
0.909591 8.16925 1.11477 0.751525 5.42243 0.936551 
0.903147 -0.225792 1.94657 2.71224 0.643375 -2.19264 
0.486585 -1.37688 1.5331 0.212247 -5.85384 -0.437181 
1.46118 3.54748 0.71594 1.72333 4.81146 -0.833986 
0.465495 0.426282 2.57361 4.03624 1.45038 -0.170091 
1.20643 -2.76961 2.01317 1.28777 -4.65378 -3.01725 
1.32664 -6.81379 0.7471 0.541174 -4.13596 0.357442 
1.68578 3.81994 -1.03653 1.41357 2.60974 -2.77993 
1.78772 4.08212 2.7368 1.19036 2.96918 0.583922 
0.14668 -3.13504 -1.71884 1.60464 0.518371 1.15167 
0.512622 -5.36772 1.30965 0.614547 -1.98898 2.95996 
2.44548 -4.48767 1.42348 0.565356 -6.1971 -0.78921 
0.640146 -2.81209 0.36157 3.43759 -3.35773 -2.84605 
2.15543 -2.06986 -2.97831 1.29317 -2.32595 0.987182 
2.23137 -2.75487 -2.25947 1.02839 -3.56438 1.62855 
3.52272 -0.493176 -1.61564 0.478765 1.30289 -2.90916 
0.240362 -2.60338 2.49976 1.11522 -6.01754 1.21422 
0.892015 -0.848596 1.12168 0.14311 -5.15765 -0.289742 
1.14621 -1.60055 1.52054 0.531393 -4.40973 2.51844 
2.68107 -1.11685 0.444614 0.929973 -0.643389 2.93421 
0.994111 4.29132 0.38276 1.98327 2.44567 0.977469 
1.65486 -2.21206 2.28367 2.34703 -2.75503 -2.3521 
1.50997 3.91276 0.231033 1.27114 5.78133 0.803608 
0.365077 -2.3364 -0.637943 3.63515 -0.432795 -2.37487 
2.61001 -2.57866 -1.59289 0.998532 -2.57932 0.955905 
0.932629 0.780055 1.63624 1.164 2.66565 -1.50462 
1.24817 -4.79348 -1.0685 2.30056 -5.10126 2.98447 
2.3195 -0.29552 2.30088 0.992447 0.0925021 -0.744382 
0.630993 -5.22128 2.01875 3.3012 -4.44811 -0.899671 
2.30122 1.51627 -2.71872 1.35462 1.81822 -0.64134 
1.52463 5.42188 2.21089 1.56485 5.33187 -1.01515 
1.36472 -2.61794 -0.305211 0.865065 -4.90557 -0.609162 
1.09125 3.09139 -1.05026 1.8498 2.15837 1.63208 
1.26652 -5.14596 -3.03125 0.78173 -7.52816 -2.19004 
1.11047 -1.93782 3.11215 2.39058 -0.739643 -1.61026 
1.9861 0.131952 0.278563 1.51691 1.71972 0.0150117 
1.59653 4.93817 0.0161114 2.6169 5.52417 -1.51873 
2.20715 3.88452 0.523225 1.93919 4.31685 2.11418 
1.89582 -5.04883 2.08993 2.57162 -6.20351 1.39462 
1.28495 -1.95368 -0.534243 2.32127 -2.42959 1.54011 
1.37266 -4.86847 -0.628712 1.44583 -3.69184 -2.87487 
1.3295 5.39336 -2.29557 0.395376 8.17567 1.19616 
1.33755 -3.6251 0.197074 1.31648 -5.15621 2.05353 
2.56244 -1.6435 0.650269 0.536933 -3.29029 -1.81131 
1.27762 5.27997 -0.222786 2.13748 5.64599 -2.53932 
1.12066 -0.878812 -0.286659 2.64926 -2.04763 1.11767 
2.8187 1.52439 2.60269 1.2003 0.0975309 -3.03438 
0.435105 -7.28682 -1.8124 2.19682 -5.17534 0.688604 
0.225706 -4.18914 0.777318 3.35554 -1.60829 -0.44681 
2.26161 -4.73504 0.272052 0.984105 -4.1489 3.13685 
1.3328 -5.46137 0.725244 1.53414 -4.65066 -2.25015 
1.96466 0.409634 2.68671 1.59905 -1.0764 -2.95905 
1.31825 2.63298 -0.656573 1.04345 4.60876 0.691378 
1.35162 3.34199 -2.73751 2.2753 3.42291 1.39482 
1.15793 -0.654749 -0.813929 1.97992 0.974606 0.153049 
0.0258354 -5.40359 -1.5558 2.61762 -0.460201 2.68483 
1.47885 3.75488 2.72097 1.12855 5.38829 -1.79566 
1.93993 -3.38712 -1.34521 0.998551 -4.42435 2.30049 
5.28403 1.90347 -1.97642 0.762578 2.24666 2.61493 
1.18842 -6.01658 0.931411 2.39592 -5.75956 -1.33744 
2.14241 0.476359 1.21585 1.44712 1.0714 -0.720249 
0.918781 4.41213 -0.637522 1.42789 2.62364 -2.79735 
0.684116 1.95257 -0.0992995 0.967883 4.57361 -1.82372 
0.368368 1.78403 -2.19326 5.29986 3.58875 -2.61118 
0.285666 1.50919 2.05218 2.90622 -0.957539 -2.87633 
0.778467 -5.12659 2.14461 2.19413 -3.60331 -2.16601 
0.982305 1.3225 -2.73715 1.83319 -0.446775 2.35203 
3.35361 -0.304171 -0.768823 0.662557 0.220124 2.41337 
2.90403 -1.95373 -0.253274 0.837175 -2.33641 -2.91566 
1.27857 0.931389 0.969397 1.98017 1.27479 -1.57076 
0.646656 2.16773 2.33235 2.09914 3.72686 -1.01423 
2.16597 -1.2286 1.02949 1.27247 -1.03432 -2.89062 
2.89455 -1.34201 -0.360773 1.23712 -1.09653 1.51547 
2.35769 -6.28977 -1.63232 0.813416 -5.34565 1.39204 
1.00693 4.27087 0.153947 2.35257 4.51068 3.11171 
1.80835 0.282549 1.33453 1.01621 1.86749 -0.290629 
0.712073 2.99724 -2.90903 1.51743 5.23948 2.25453 
0.945743 -1.74995 -1.96715 4.39231 -2.29712 -0.409021 
1.18986 -7.64168 -2.30481 1.12164 -5.91886 8.17694e-05 
0.711269 -8.06991 -1.10049 2.69667 -6.60523 -2.88274 
1.35582 -2.95351 -1.89032 0.847861 -0.649852 -2.19248 
0.770268 -2.27823 -1.54766 3.69019 -3.35826 0.0366655 
3.95536 0.778277 -0.41662 0.41126 -0.568999 2.17102 
2.4531 -1.62296 2.36907 0.990907 -2.35684 -1.59299 
3.8219 1.17348 -1.63 1.66201 2.12973 -0.894947 
1.84399 -5.28163 -0.464994 0.952459 -6.77186 1.49976 
0.899714 2.33511 2.68546 4.80528 2.54712 1.03922 
1.97594 -2.89679 0.663565 1.56273 -3.40026 -1.33634 
2.99227 2.26472 -0.975267 2.55824 2.87692 -0.0108708 
2.60007 0.32982 -2.65354 0.959911 0.162829 0.0275788 
1.71473 4.52451 -0.417394 0.846476 6.58505 -1.20071 
1.77173 5.88964 -2.57894 1.24747 6.50574 0.833975 
3.34552 2.45602 -0.51922 4.87688 3.11913 -0.879264 
0.667573 4.24347 -1.36497 1.6648 2.134 -3.04024 
1.36371 3.5526 0.214968 1.20792 4.80684 -2.85678 
1.40238 0.908724 2.37247 1.23964 2.78662 -2.99788 
0.935715 3.22458 0.734987 2.16772 2.15325 3.11277 
1.30027 -4.03274 2.3138 3.42443 -2.71405 1.94067 
2.11955 -1.35667 -1.87885 4.15955 -0.996289 -2.89765 
0.88691 -5.65808 0.976318 0.43407 -8.91904 1.59314 
1.18423 7.78693 1.88765 1.36913 6.14037 -2.57864 
2.04591 -2.96816 -2.88354 2.17911 -3.24015 1.79549 
2.74597 0.24803 1.15758 1.22269 -1.28078 1.27524 
6.89182 -0.444585 0.850597 1.44594 0.317556 0.254576 
0.680488 -0.771048 -1.19647 1.65102 1.3591 0.344965 
2.77333 -3.55205 -1.49978 2.3119 -4.05065 -2.67802 
1.88631 -0.511173 0.210722 2.35273 -1.08727 -1.26438 
0.326709 -0.279907 -0.189739 0.728679 3.32657 -3.12441 
3.76551 0.0916329 1.1773 0.929289 0.979981 -0.334607 
1.62961 -5.57806 1.09698 1.7438 -5.4022 -2.88907 
2.18988 -3.4826 0.38446 2.35296 -4.37228 -0.665812 
0.460219 -4.26376 -2.31481 1.82949 -1.97287 1.66206 
1.3518 -0.37843 1.40836 2.65153 0.89624 0.479157 
1.19061 -0.736727 -1.30008 2.09953 0.910731 -1.9686 
1.14983 -7.49199 2.30333 1.58751 -6.26387 -1.5483 
0.774162 0.0994558 -2.4632 1.62574 -2.12136 -2.01206 
2.7629 4.15939 -3.00029 1.26047 4.36975 -1.07424 
0.60138 -4.34166 -1.44481 4.72846 -4.87954 2.73494 
0.647483 -1.00991 -2.62225 1.15605 -3.58823 2.48932 
0.999943 -3.44747 -2.5369 1.88675 -4.96746 2.0605 
2.041 -0.697121 -1.27089 0.538226 1.30931 0.888713 
3.41092 3.36462 2.68387 2.73619 2.88625 -2.67889 
0.67197 3.41467 -2.65256 1.76043 1.61612 0.108381 
0.572945 -7.73684 -2.73108 0.324683 -3.88176 -1.5811 
0.40933 -1.98791 0.340547 4.24364 -0.656152 -2.02906 
2.10163 -0.786564 2.81546 1.42649 0.71472 -2.76561 
2.84338 5.99005 -1.09719 1.27615 6.16445 -2.97222 
1.8957 0.441271 -0.591718 0.162206 3.81229 2.21903 
1.06407 -3.93314 -0.83225 1.87829 -3.00316 1.91586 
1.48156 -3.40811 2.37622 1.25618 -2.2814 -0.218637 
3.08769 -0.141915 -1.12532 0.995578 0.608858 0.703913 
2.41465 -0.115403 -0.240276 0.442762 -2.46334 0.378127 
1.41017 -4.22626 -2.29251 3.37545 -3.01641 -2.89668 
2.5121 5.75022 -0.149178 1.34723 4.72688 -1.55307 
0.988105 8.78954 -1.94202 0.218029 5.25405 1.16873 
1.51326 -3.33778 -0.748036 0.625088 -5.58689 -2.56222 
1.78041 -0.547247 -2.11135 2.14574 -1.36783 -0.648478 
1.68744 -4.00886 -1.90199 0.61168 -6.39131 -2.45728 
1.49022 -2.44479 -2.16177 1.78448 -2.03709 1.76034 
1.46349 1.39958 1.02433 1.9673 1.48617 -1.25894 
1.08101 1.39713 -2.77894 1.82028 2.29937 0.184041 
5.46509 1.81342 -0.22787 2.70894 1.38423 0.461487 
1.35866 -0.937297 1.82819 1.80183 -1.38669 -1.87556 
1.03746 -3.353 1.01198 2.8939 -4.45816 2.48514 
4.72672 3.23512 1.91606 1.56454 2.77806 3.00563 
0.459563 -3.76103 1.77396 3.45224 -1.88957 0.526073 
1.2985 -2.37052 -0.802136 2.26206 -2.22465 1.43046 
2.58142 2.93267 -1.43822 1.27736 2.35094 0.406454 
2.63162 0.386716 1.63577 0.786332 -0.761673 -2.47197 
0.860853 0.120714 -1.57948 2.49118 0.825714 1.84033 
1.49023 6.96905 -2.53508 1.65061 5.57031 -1.17828 
1.93472 2.55291 -1.46101 2.10913 2.38897 3.09442 
2.20374 0.986799 -1.52454 1.03174 1.46024 1.79182 
1.1523 -5.29374 -1.10614 2.78152 -5.49919 3.12251 
0.781643 4.03856 -3.09276 3.68715 4.73144 -1.11934 
1.44528 5.62682 0.285329 1.91886 5.94812 -2.01756 
1.06833 4.72117 2.83144 2.64646 3.89769 0.92489 
3.39365 -4.70359 1.69706 1.65574 -5.60298 2.64544 
2.656 -1.67942 -2.50594 1.27709 -2.08827 -0.607083 
1.77993 0.721264 1.64398 2.1201 0.00775717 -3.069 
1.46206 -7.26427 -2.87518 1.46784 -8.04111 -0.172421 
2.1928 4.65995 2.97736 0.602424 2.80032 -1.49818 
1.8434 2.02524 0.110542 6.73603 1.19487 0.306976 
1.62924 4.49257 -2.91656 4.09734 4.54599 2.08724 
0.72549 2.3356 -0.00716956 1.03987 4.93941 -0.941032 
1.67719 4.50007 2.01814 2.22065 4.06439 0.261107 
2.03982 1.3633 -0.776794 1.28857 0.788852 -3.04682 
1.16754 -2.92254 -1.49029 2.25153 -2.0066 2.84828 
2.33675 4.07772 0.63347 3.01567 4.28468 1.85276 
2.92007 -1.37012 0.012471 0.665053 -2.69984 -2.00882 
1.6768 -2.32914 1.00338 0.676108 -0.248396 2.6654 
3.16756 2.7646 -1.5059 1.04582 2.84743 2.75575 
2.01845 3.68734 0.206008 1.03261 4.50666 -2.57324 
2.1819 4.66743 0.773081 1.35928 4.302 -1.36871 
1.73192 0.132322 2.09073 1.27455 0.696768 -1.00106 
1.45711 -4.70445 -1.47362 1.7889 -5.52492 2.74619 
3.03953 -2.76239 2.45659 0.806774 -3.43916 -1.4698 
2.11702 -2.40185 -2.49583 1.73774 -3.53151 2.64217 
3.59316 1.54627 0.0159232 1.65846 2.1643 -1.14747 
1.11959 -3.37249 1.47923 1.78719 -2.41371 -1.18671 
1.72559 5.56393 3.06321 0.868373 3.63133 -2.04421 
0.0855724 1.74761 0.2389 0.917139 5.67214 -1.01268 
1.24949 4.36838 2.04004 2.23323 4.8809 -2.06133 
1.37252 0.523836 -1.83498 2.34447 -0.615524 3.11937 
0.330383 9.19879 -3.09046 1.66541 6.43516 -0.744784 
1.16719 -4.96963 -0.0601817 2.15013 -4.78053 2.59457 
2.71269 1.10818 0.861451 0.827365 2.62225 -0.450414 
3.37319 -0.102192 1.96427 1.25774 -0.874804 -2.93844 
1.01662 -0.254026 -0.168958 3.23992 -0.68713 1.75976 
1.7207 -0.556609 -1.00112 1.67232 0.79037 -2.16677 
0.889734 3.99619 -0.248961 1.93436 5.22546 -2.93869 
3.45955 -0.962536 -0.43328 5.82586 -0.289104 -0.381545 
0.728823 5.68488 0.167067 3.25205 6.01895 -2.64806 
1.43866 -3.73354 0.744777 1.65151 -3.4252 -2.1158 
0.52866 2.36991 -1.07086 3.46863 1.25254 2.50109 
1.38091 2.81045 -1.43526 2.25475 4.13273 -2.50092 
1.65863 -3.82045 -3.0662 2.11681 -3.43266 -1.20817 
1.76135 -0.0504552 1.23312 1.39038 -1.25783 2.93073 
1.4142 -0.530548 -2.60983 1.3857 0.394024 0.31654 
2.38063 -3.54619 -0.581406 1.15316 -2.22578 0.706509 
1.65793 1.23343 -2.52622 0.503093 -1.16114 -0.770861 
1.15819 -3.65659 -1.72729 1.99017 -2.89259 0.71349 
2.66956 3.54586 1.06683 1.62197 4.57914 2.13583 
3.18205 -4.33817 -0.526725 0.491966 -6.39149 -0.104811 
1.11795 0.678404 -2.59354 0.869236 -1.59147 -1.00306 
1.28763 0.444408 3.10667 2.15279 0.913732 0.881686 
0.872818 -3.9777 -2.23019 0.730667 -6.62787 2.19426 
0.965358 -6.53166 3.09844 2.17321 -4.90618 1.90188 
1.61145 -3.63697 -2.90376 1.41191 -2.75173 1.06502 
1.61656 1.07025 1.36645 1.70084 0.816627 -2.56551 
0.808995 5.17717 2.62747 0.415497 1.91743 0.679278 
0.350655 1.04692 -1.5588 3.84505 -0.756161 0.417867 
0.840666 6.14624 0.377809 1.82984 4.31757 1.85292 
1.3923 5.28968 1.04383 1.70674 6.32936 3.04106 
2.15284 3.98736 -1.24912 0.794897 2.73334 2.40842 
2.3859 -1.75634 3.06654 0.290799 0.979208 -2.99218 
2.43651 4.39183 -2.70843 0.983322 5.06872 1.14966 
1.99103 5.01531 1.65254 1.52026 5.84617 -2.84729 
2.00247 -2.1758 2.81771 1.99132 -1.34579 1.41634 
1.97481 1.36164 2.4902 3.69171 2.09241 -2.89846 
0.884122 -5.51584 -0.979804 1.59403 -7.14519 1.38044 
0.931479 -5.74738 0.956156 1.3734 -3.52992 0.592368 
0.93508 4.11645 -0.36154 2.22856 5.08073 -2.82068 
3.64719 1.96932 1.60566 1.75349 3.11021 1.39708 
1.24626 -5.41492 0.984051 0.635779 -3.13543 -1.89679 
1.14919 -1.34869 2.76808 0.622091 1.33332 1.92657 
1.7998 -3.83915 -2.46214 1.5086 -3.25461 1.63032 
3.14376 -0.172924 2.816 0.655982 0.797004 0.316267 
1.57646 4.07498 1.96862 1.41003 4.80964 -0.645335 
1.46311 4.18785 -1.12876 1.72533 3.45591 2.92741 
1.74177 0.497951 -0.240884 2.49147 0.574946 1.42682 
1.30924 -4.39139 -0.680324 1.51608 -3.50863 2.30311 
1.40902 5.4356 1.56305 2.19345 5.78937 -0.508424 
1.60782 0.516848 1.7793 2.53342 -0.249232 -3.07011 
0.638231 -0.302316 1.42163 1.88571 1.44337 -1.60422 
5.6812 1.2546 -2.10287 0.582541 0.545947 2.45212 
1.70956 3.42494 -2.3156 0.815599 1.71657 1.8315 
16.7727 -3.2101 3.06442 2.03276 -3.61064 2.72188 
1.57624 1.69904 -1.46434 1.32987 2.44529 1.85167 
2.86168 4.0103 -2.30239 0.92699 5.52637 -1.36012 
2.97076 -5.78916 -1.96503 1.25439 -5.06241 2.74678 
0.561287 4.48666 -0.28155 2.1468 2.70456 -2.98399 
1.15899 -5.43132 1.09377 1.94146 -4.51064 -2.88954 
3.12816 -3.75798 1.51043 0.767617 -3.66503 -1.84499 
1.094 0.479273 1.11369 1.80924 -1.37643 0.595497 
3.46591 -6.80901 0.620472 0.946119 -5.88821 -0.938764 
4.00541 2.62117 2.06918 0.6066 3.97253 0.595562 
3.07524 1.65503 2.29296 2.67842 1.49004 -2.8686 
2.64339 -0.838941 2.18769 0.858211 -1.29088 -1.00658 
3.15005 -1.4731 0.374923 0.556097 -0.0639136 -1.74437 
1.03424 6.14306 -2.79666 1.37052 7.77107 1.13618 
1.4689 -0.78178 1.20246 1.86906 -0.139147 -0.92081 
0.357691 -6.57293 0.824329 1.86424 -4.06819 -2.17918 
1.01731 0.0664414 -1.37258 1.01345 -2.2401 -2.47036 
0.743883 2.69585 2.62133 2.81576 1.96078 -0.616315 
1.11649 0.993806 0.726161 1.74511 0.0084382 -2.02432 
4.30333 -0.503014 1.73746 0.646954 -0.922279 -0.499589 
1.132 5.92335 2.06925 2.17815 6.32458 -1.62509 
2.03152 1.50349 2.76747 0.943138 2.81901 0.681218 
0.933489 4.25512 -0.963786 0.393114 7.5303 0.223439 
0.745914 1.50187 2.18011 1.93503 -0.168564 -1.94322 
3.10397 -3.70146 -0.910748 2.16622 -2.90042 -0.0213451 
0.605133 -4.66188 -1.71829 2.62959 -3.34243 1.52213 
3.70018 0.667842 2.04316 1.50797 0.508518 -2.82831 
0.810951 -0.732802 -2.58877 0.848446 1.74529 0.174974 
1.05747 4.48128 0.769673 2.18256 5.04431 -2.82103 
1.85081 -7.1492 2.3974 1.10986 -6.31098 -1.07508 
0.633351 -3.12292 -1.41579 4.06534 -2.41161 2.66944 
3.3562 -2.23757 1.85743 0.493031 -3.52125 -0.935012 
1.27688 0.0893755 2.74941 2.85517 0.378886 -1.694 
1.6234 -2.29801 2.4649 1.57367 -0.607645 2.81129 
4.48353 3.36833 -1.9381 1.20798 2.62911 -3.08569 
1.47092 5.32422 0.740708 1.4274 6.12035 -2.04621 
1.88254 -3.21329 -2.95786 1.47881 -4.37967 -1.43523 
1.92069 -3.86996 -0.556272 0.94175 -5.7048 -1.5117 
2.69514 0.343108 -2.24061 1.26495 1.7872 -2.8196 
1.63765 -3.89624 2.26338 0.355619 -6.55791 -1.03369 
2.80716 5.65167 1.93845 0.963886 5.73248 -0.493508 
1.07034 -7.15632 2.87206 1.84041 -5.63907 -1.80968 
1.26062 -3.40727 0.244355 1.37105 -1.55444 -0.781968 
0.508603 -0.877741 -1.29728 2.31663 -3.0679 -2.18946 
0.753898 0.956946 2.82582 1.59883 -0.801795 -0.564524 
2.35163 3.0547 0.0982417 1.10223 1.44721 -0.591283 
1.94055 0.624145 1.23548 1.2929 1.24229 -1.11808 
1.40272 4.62064 1.6045 1.88441 4.58645 -2.17208 
3.01656 -0.602578 -1.48389 1.04536 -0.493864 2.69872 
1.428 -2.16891 1.07012 1.51174 -1.4242 -1.66756 
1.73922 -3.14889 1.56663 2.27225 -2.38937 3.04217 
1.42235 2.8834 0.741519 2.05406 1.32215 0.198762 
0.818613 3.97466 -2.12816 1.4713 2.1863 0.521897 
1.51313 0.795762 -0.186452 1.39196 1.71751 -2.69976 
0.860407 0.876753 0.603388 3.04755 0.55762 -1.84052 
0.983006 -7.47705 0.404628 1.02487 -5.47296 -2.36295 
1.71263 -2.71556 -1.48525 0.928724 -4.09661 1.1685 
0.747683 0.137355 -2.6595 0.941662 2.74867 -1.21776 
0.693575 5.53787 2.20202 1.31444 3.06646 2.92073 
3.22158 -3.5974 1.26484 0.742091 -4.55989 -2.92872 
1.8751 0.859369 2.6638 1.33275 0.994884 -0.0282748 
3.98771 0.483091 -2.13902 1.41348 0.111929 2.79944 
2.17789 2.02714 -1.4019 0.951841 1.08949 1.13081 
1.1671 2.1441 2.77711 0.878682 0.0187351 -1.53941 
1.05518 3.5416 3.03025 2.18194 2.66767 -0.952901 
6.77562 -3.10651 -0.312794 1.39878 -3.96355 -0.792928 
0.950835 -1.42093 1.39319 2.70317 0.289793 1.39934 
1.67983 1.36518 -1.49276 3.14797 2.53927 -0.984614 
0.966528 -2.4191 2.07678 2.99023 -3.59301 -2.77183 
2.8892 1.89521 -1.35129 0.806101 1.50243 2.06225 
1.7002 -6.31368 1.45169 0.294159 -9.17033 -1.04399 
2.13935 -3.36426 -2.06311 0.720581 -4.73723 1.17137 
0.949641 -0.230601 3.13232 2.53728 -0.0951011 -0.257261 
1.11163 -2.57338 -2.96682 2.96634 -2.77312 -0.957225 
1.54722 -5.60425 -0.71409 1.60123 -5.31782 1.94363 
4.14413 1.47487 -1.70049 0.501961 2.32271 1.0079 
1.0727 4.20169 -2.48267 1.97287 5.97043 -1.81467 
1.36215 -5.58476 -0.750761 0.641113 -3.19746 0.661569 
1.79048 5.90974 1.79997 1.2394 5.34074 -1.15238 
2.76814 5.64254 2.00489 0.784284 3.83916 1.75466 
0.606611 3.07726 -0.489719 1.70103 1.07032 -3.04653 
1.30718 -3.34351 0.467595 1.26219 -2.09074 -2.78444 
1.91402 5.17044 2.49475 1.46075 5.23817 -1.43551 
1.62389 -2.17477 1.87246 1.04621 -0.910318 -0.790543 
2.47154 2.53094 -1.34884 0.558475 4.52192 -0.0544646 
1.54806 -5.85464 1.20934 1.50971 -5.56417 -1.92282 
1.29212 -2.79819 -0.269473 2.02081 -1.83428 -2.17203 
2.46048 -3.29267 0.697396 1.17571 -3.16032 2.9623 
0.234057 3.55191 -0.618987 5.37004 1.3911 0.3015 
1.46604 -2.6585 1.4295 3.02618 -1.69078 2.55568 
0.557522 5.97 -1.6958 2.74827 4.58895 1.44142 
1.15459 0.553138 -0.578691 1.64579 1.52358 2.60511 
1.04071 0.237459 0.096545 0.549873 3.1539 0.367034 
1.82417 -5.47592 -0.399789 1.01226 -7.13062 -1.83998 
2.86835 0.673974 -0.463788 1.52908 0.779495 1.18941 
0.618515 -0.417936 -2.49356 1.7543 -2.70812 2.96699 
1.88165 0.574056 1.23913 1.61565 -0.172049 -0.613767 
0.954699 6.04604 -0.359983 2.37496 4.82576 1.47717 
1.97832 -4.92669 -1.95978 1.35309 -5.12689 1.88472 
0.675425 -2.38193 -0.469688 1.64917 -0.12944 0.546712 
1.87476 2.23907 1.33639 1.57319 2.18163 -0.898774 
1.06382 -7.43537 -0.452888 2.56364 -7.62284 -2.84217 
2.88921 4.40869 0.472024 0.921425 3.844 -1.76939 
0.784589 6.21812 -0.180202 2.37081 7.22131 2.94525 
1.17963 2.32066 -1.61644 1.98885 2.89472 0.994155 
1.29618 1.09178 0.731629 1.84309 0.939812 -2.57565 
0.89457 2.58496 -0.953386 2.05712 3.94985 1.12599 
1.60599 0.453573 -3.13126 2.89102 1.22624 -1.85179 
2.71986 3.4465 -0.794964 0.417835 1.47077 1.09702 
2.61071 1.61487 2.57449 0.862779 1.14327 -0.613207 
2.82629 1.28557 -2.31896 1.52906 0.958753 -0.69861 
6.97264 -1.14818 -1.46485 0.459754 -0.858175 0.536415 
0.688523 3.9163 1.87569 2.66564 2.81286 -1.65162 
1.09586 -3.23113 0.847676 2.43184 -2.90826 -3.03467 
1.62948 0.996731 -0.47192 2.44208 0.357644 1.08727 
1.07852 -3.4504 -1.19884 2.29688 -3.57886 2.35398 
3.55413 -3.02422 -0.509933 0.51756 -1.98127 2.95657 
1.23328 3.27786 0.703406 1.93797 3.13127 -2.27153 
1.97562 -1.28739 -2.21945 0.496988 -3.32638 1.23092 
1.10032 4.36482 2.99108 1.4348 5.73059 0.240928 
1.3607 -4.22008 -0.371116 1.58153 -3.37159 -2.92915 
2.28114 -3.27393 -2.50783 1.12903 -2.49728 1.64522 
2.26005 4.96037 -1.79129 1.55332 4.15036 -0.209734 
0.567836 0.23382 2.28663 2.52194 -1.31959 -1.43355 
2.87097 2.72842 -0.612199 0.601221 4.05564 1.80236 
3.65363 -2.29481 -0.493136 1.32795 -2.26939 -2.04625 
1.75971 1.44451 -1.34663 2.54436 0.230319 -2.04418 
1.57715 -5.42653 -1.28622 1.55641 -4.86989 2.52389 
2.41037 4.20364 1.23676 1.89094 4.63831 -0.284899 
0.780924 -5.55989 0.392778 2.81605 -4.65389 -1.99754 
2.27114 -1.15164 -2.13124 1.2656 -1.13862 1.86042 
2.14141 1.60367 -1.86472 2.69137 2.0921 -3.13722 
1.9914 -0.555191 -2.69797 1.84521 -1.97843 -2.24402 
0.81019 0.207729 0.116396 4.14353 0.371345 2.10147 
0.388215 6.75042 1.40737 4.43364 5.35666 -0.845165 
0.754401 4.7575 0.367842 4.36344 4.93662 -1.64229 
1.86242 1.32683 -0.783621 0.947082 0.177843 2.62972 
3.57725 -1.53955 -0.67968 2.25192 -0.690075 -0.0221253 
1.62895 -0.870292 0.287644 1.52033 -1.68322 2.47404 
1.87782 2.2708 -3.06275 9.16428 1.54812 -2.96908 
1.90995 -5.56949 -2.25752 0.666994 -3.78761 1.77805 
2.75948 0.0444956 -1.74014 1.20837 -0.215339 2.56466 
0.523693 -1.79239 1.49647 4.97511 -2.63847 -0.496839 
0.82461 -0.0569896 1.71193 1.9128 1.44738 -2.28969 
1.42649 0.576007 -0.0933088 1.3476 -1.03846 -1.53443 
0.0558275 -1.18305 1.81698 1.9758 3.04525 -2.41157 
2.90462 2.32399 -0.113789 2.04709 2.8983 1.08143 
0.0998627 -10.0513 0.183999 1.87174 -6.15959 -2.96261 
4.90237 1.59402 0.739797 0.0525771 5.23515 1.68998 
3.75372 -1.40664 1.6038 0.694367 -1.87002 -2.30749 
4.03368 1.29534 -1.87967 0.44491 2.76664 0.065147 
1.21898 -6.19937 -1.4742 1.96112 -5.84929 2.03064 
0.60825 -3.21444 -0.17314 1.61659 -0.783592 -0.658556 
0.647789 -1.37655 1.47681 0.332656 -5.13778 -0.247557 
2.15894 -0.443585 -2.8815 1.0777 0.152214 0.78089 
2.09524 -0.0383965 -1.77356 0.895153 -1.65199 3.004 
1.07114 5.42834 0.339568 2.05283 4.74617 3.10168 
1.23462 -1.57582 -0.336456 10.4671 -2.29498 0.0982219 
1.56627 -5.02572 -2.60786 1.52782 -5.94839 -0.471677 
1.22618 -1.35476 0.361355 1.20382 -3.05172 2.34485 
2.12457 -1.71235 -1.43958 1.96119 -2.55011 -2.78097 
1.97747 -3.77665 2.52258 1.34543 -3.9018 -1.28547 
1.39841 -2.68062 1.50073 1.03982 -1.07759 -2.46172 
0.806389 -1.19778 2.06568 1.187 1.10877 -2.7307 
3.05451 -2.34409 0.22567 0.781218 -2.63265 -2.61607 
1.88125 -1.80577 -0.778929 1.32183 -1.73958 1.95163 
1.88784 -6.31278 0.902754 1.35542 -6.63202 -1.6192 
6.37888 0.24905 -3.12963 0.138598 -1.95897 0.77133 
6.63489 4.55294 -1.90354 1.73952 4.45272 -2.83996 
1.91247 -3.47437 0.121493 1.62937 -3.41312 2.25064 
1.66427 -1.52337 0.795052 1.35489 0.257233 0.438608 
1.05242 5.63445 -0.652723 2.44906 4.49121 -2.3477 
0.550595 -3.89285 -1.33506 1.4433 -6.30095 0.4517 
1.27883 -1.82219 0.90306 2.72795 -1.43344 -0.963696 
1.51449 -0.932949 2.79801 1.50843 0.52016 1.39383 
1.08449 0.681126 0.999983 1.87818 1.92296 3.04851 
2.26906 0.529584 2.56525 2.60491 0.215199 1.23909 
1.1043 1.55565 2.8554 1.85723 3.23264 1.7617 
1.33436 -5.09627 1.26226 1.82719 -4.67381 -1.35782 
1.65944 4.50564 -1.60328 1.82261 4.05161 2.61633 
0.791382 -2.60735 1.46443 2.60815 -1.38295 -2.76494 
0.921905 4.48196 -1.03278 1.74946 6.22731 0.515149 
1.98509 2.1003 -2.43094 0.549651 0.21529 0.365999 
4.99443 -4.75848 -1.01528 0.84612 -4.72865 0.679277 
2.60176 -4.8958 -0.851435 0.930706 -5.18651 2.6738 
1.84567 1.04319 1.94846 2.18177 0.308224 -2.86123 
1.82723 -1.07998 2.73483 2.42326 -0.899171 1.10244 
1.1577 4.40431 -2.52443 2.37724 3.69872 -0.458765 
3.08166 2.91399 1.64709 1.5793 2.06282 0.495504 
1.40577 1.12427 2.28971 1.49429 1.87337 -0.635311 
0.90469 5.61818 -1.00074 2.39015 6.24033 2.16619 
0.757558 5.72154 -1.08845 2.98858 4.9371 2.72366 
0.513766 5.22385 1.44137 2.34099 7.00467 -1.05779 
0.229085 -1.99568 -2.70569 1.87593 -4.98217 3.04689 
0.986644 4.23484 -1.77191 3.3324 2.71096 -1.46192 
1.97092 1.71588 -2.32905 1.56755 1.47696 1.8415 
3.47311 -2.67743 -1.12763 1.0428 -3.16851 0.638419 
2.16942 0.100667 0.972119 0.68513 -1.33126 -2.09751 
1.94413 -6.26982 1.07629 1.35993 -5.89589 -2.81283 
2.62336 -4.52131 2.66782 1.24862 -4.07735 -1.68243 
2.27483 -0.83698 -0.961596 1.25506 -0.155837 -2.97594 
1.41965 0.173415 -1.09859 0.496836 2.6766 1.12626 
3.10065 0.943199 -2.60705 0.211161 -1.78392 -1.48173 
0.91667 0.921935 2.99951 2.32281 -0.0562073 -0.904589 
2.18528 -2.43159 -2.92653 1.82987 -2.66893 1.61967 
1.58338 -4.71985 0.543606 1.36214 -3.95526 -2.156 
1.30473 5.19355 0.338262 1.29322 6.75314 -1.57478 
0.783368 -2.71327 0.222731 1.2486 -4.73034 -2.86172 
1.03106 -1.64579 0.375902 2.36109 -1.75583 -2.45647 
2.18776 3.74636 1.78907 1.1679 3.38864 -0.711 
1.65359 1.28252 -2.52465 2.04609 1.04594 1.7952 
1.28572 6.42171 0.0292495 0.603378 3.81453 0.567471 
1.88593 4.124 -1.06215 1.26191 3.65506 1.60997 
0.830671 -0.0692439 1.82317 2.67497 -0.681226 -1.63825 
1.10651 -1.43135 0.984482 1.87022 -2.26726 -2.53073 
0.525569 -6.42424 1.25201 0.955883 -3.43449 2.22238 
0.887203 -0.911189 -1.39992 1.65177 -2.70273 -3.11612 
0.427123 -0.284387 1.76321 0.538288 -4.01537 2.28245 
1.91126 -0.227218 0.59423 2.77887 0.0670129 2.01944 
4.15905 3.00152 -2.64125 1.16593 4.27852 -2.96524 
1.55315 -4.07606 1.1828 0.989344 -2.70355 -1.82621 
5.33456 3.03997 2.7776 0.343951 4.08143 -0.288398 
4.49807 3.62905 1.30171 0.536125 1.91438 1.15341 
2.32988 0.866297 -2.71471 1.48183 0.514891 -0.818702 
1.34584 -1.5721 0.464237 1.49998 0.279186 0.915608 
0.552371 7.05648 1.23396 1.46578 4.44487 1.45804 
1.70547 -0.861034 2.49018 1.33199 -1.84571 -1.61001 
0.791057 0.235661 2.83455 3.1545 0.701395 -0.957371 
1.46743 0.0595517 -1.62806 1.40434 -0.728189 1.65887 
0.304326 -5.93569 -0.534979 1.40829 -2.92865 2.34048 
2.39571 4.15059 1.30605 1.48666 3.87184 -3.10154 
1.04317 -3.83646 2.28061 1.43527 -5.37128 -0.127678 
1.03622 -4.5705 1.78104 2.31782 -2.85442 2.26315 
1.7834 -7.84709 0.968924 1.47276 -7.57637 -2.84899 
1.45031 -0.114983 -2.78383 1.5236 -0.708441 0.150839 
2.83563 -4.8803 0.865158 0.616652 -6.16647 -2.94933 
1.1549 -1.30921 1.61768 1.5634 -2.67403 -0.533829 
1.6346 -1.53087 -0.332604 1.5246 -1.09012 -2.858 
2.64714 -3.09335 -1.86163 4.82243 -3.58836 -2.58175 
1.74815 3.52697 1.20193 0.734412 1.65753 3.12198 
0.538605 5.70358 1.03508 1.57681 7.90129 -1.66086 
2.36862 3.78849 -3.02837 1.17922 2.99566 1.30237 
2.64867 -2.88534 1.39336 1.46365 -3.46067 -0.23875 
3.30298 1.74957 0.230512 0.855554 1.56216 2.52995 
0.498663 -4.60954 -1.59897 1.07397 -1.72239 -0.179022 
1.15656 4.7837 -2.88043 1.83906 5.46851 0.176654 
2.14781 5.64785 -0.301578 1.14791 5.43707 2.41664 
2.90208 -4.76608 2.47884 0.837758 -5.99585 -2.12639 
2.39999 -1.4376 -1.0604 0.818329 -2.69457 1.06974 
1.16166 2.9593 -0.322166 1.70582 3.96196 -2.92088 
0.838624 -1.09711 0.382326 2.07672 -2.31341 -2.27896 
5.98789 -0.213658 -1.5025 1.51575 -0.958562 -2.2018 
3.49439 6.32389 -0.89432 0.350026 4.65137 2.66971 
0.513966 3.61315 -0.603579 1.88154 1.32111 -2.10683 
1.41795 3.05215 0.431045 2.65674 2.74988 -1.3625 
0.739142 -3.10862 -1.75313 2.97878 -4.06655 0.52672 
1.3397 3.93556 -2.40431 2.31563 4.28922 1.81441 
1.46549 4.16786 2.10893 1.73819 4.77317 -0.21448 
1.15847 -3.39688 0.955261 3.96349 -3.88608 -0.528346 
1.6759 4.32552 -2.2716 3.03116 4.90468 2.67752 
0.405362 -4.44095 -2.8755 1.74912 -6.87673 -0.656907 
3.0121 0.879402 -3.02114 0.453193 -1.28833 -2.67913 
2.08155 1.49471 3.12037 1.12474 1.07328 -0.350795 
1.63155 5.60946 -1.40009 1.69054 5.50827 0.982186 
1.48772 4.51996 -1.52153 2.11053 3.46662 -0.0396174 
0.918822 -5.46209 2.93696 2.06178 -4.44321 -0.509271 
1.31729 -2.2106 1.74464 1.84605 -3.41309 -2.82529 
4.05579 -2.79614 2.94837 0.644695 -2.81477 -0.810023 
0.785791 -1.73077 -0.110008 4.76648 -2.00767 -1.9096 
2.15578 2.92632 0.26512 2.67631 4.13573 0.251037 
1.4639 6.19121 -1.82578 0.796593 4.17442 -0.0405049 
0.983729 6.50322 1.22978 0.489644 3.51476 0.162415 
2.31548 -0.466811 0.0706775 1.38053 -0.814955 2.0881 
2.46971 -3.01896 2.3036 0.763562 -4.23817 -1.64572 
2.027 5.90684 0.0650477 2.48901 4.63717 0.286123 
1.74684 -4.80729 0.439018 1.50253 -5.05818 2.91578 
1.54745 2.10496 -0.752905 0.192358 5.5065 2.62199 
1.32252 -0.405905 2.26414 3.26837 0.813823 1.52393 
1.39141 3.01473 2.6906 0.466443 0.232213 2.8093 
1.17721 1.91358 -0.121666 5.25019 2.64102 -1.15651 
1.75215 -1.4809 0.451606 1.20403 -2.33093 3.09414 
1.94034 -7.44003 1.13055 1.17007 -6.53744 -2.85976 
4.51186 -4.66354 2.77694 0.601627 -5.3136 0.641321 
0.994384 0.378514 -1.23012 2.04439 1.30847 1.41204 
2.11933 5.27117 -0.225614 1.0638 4.66626 2.52302 
1.80144 -0.277542 2.91095 1.6613 -0.623013 -1.23728 
1.68053 1.47199 -1.64317 0.80112 -0.584622 -0.525844 
1.52221 -1.77878 0.738134 1.36558 -0.828872 -3.03384 
1.52413 -5.61763 1.10538 0.575009 -8.15985 0.843825 
5.18619 -1.56527 2.12461 0.249925 -3.22576 -0.689326 
0.653589 8.23629 -0.540132 2.32233 6.35446 0.813397 
1.35327 -0.0720956 -1.05202 1.61928 -1.22617 0.96716 
0.928817 -8.23167 3.03 1.37856 -6.04485 2.38447 
0.369191 -0.678668 2.07467 1.74455 1.97035 0.29972 
1.66433 -5.03737 -0.0981989 2.08509 -4.0233 -1.48257 
1.24445 -3.92133 1.21319 1.89524 -4.16799 -2.05423 
0.357079 3.7144 -2.41155 2.76751 1.66401 0.235271 
0.0124361 1.14694 -0.983166 3.47497 -3.08906 -2.36267 
0.664196 -2.00303 2.19616 3.36079 -2.50065 -0.856376 
3.48686 4.19856 -2.34278 1.44831 3.16477 3.06933 
3.95627 1.8371 -0.00565778 1.52909 2.26902 1.25416 
3.49082 -2.5005 -0.745934 1.05829 -2.67428 1.10365 
0.960918 4.52109 -2.69116 1.64849 2.88778 1.66315 
0.88452 2.82353 1.02342 2.68729 3.42748 -2.74243 
3.83852 1.52671 -1.14308 1.34607 2.79436 -1.02578 
2.5211 3.58937 0.370208 1.45316 2.74872 1.86582 
4.26652 -2.70025 -2.86082 0.440957 -1.67313 0.754887 
0.0590887 5.87034 -0.831612 2.06944 1.52564 -2.88773 
2.62432 5.08587 2.40402 2.53991 5.62591 -2.7568 
1.14744 0.877882 -0.930043 2.05312 1.81078 -3.08699 
